flow [gpm]	head [ft]	speed [Hz]
0	66.650625	76.5
3.12661875	65.95733267	76.5
3.871563	65.72563123	76.5
4.55918325	65.49734717	76.5
5.07481875	65.31797054	76.5
6.16435725	64.9180903	76.5
7.253271	64.49288741	76.5
7.53990375	64.37705435	76.5
9.030417	63.75055452	76.5
10.06200675	63.29486967	76.5
10.806951	62.95539924	76.5
12.1248675	62.33477507	76.5
13.0418475	61.88866993	76.5
14.41668	61.1991835	76.5
15.677655	60.54620918	76.5
17.5112325	59.56375591	76.5
18.714705	58.89884967	76.5
19.57431	58.41464027	76.5
20.14704	58.08785763	76.5
20.7770175	57.72464782	76.5
22.4388525	56.74816641	76.5
23.4698175	56.12943323	76.5
24.099795	55.74662611	76.5
24.5581575	55.46589133	76.5
24.84414	55.28980324	76.5
0	55.80555556	70
2.860958333	55.22507242	70
3.542606667	55.03107233	70
4.171801667	54.83993355	70
4.643625	54.68974422	70
5.640588333	54.35493058	70
6.63698	53.99891466	70
6.899258333	53.9019294	70
8.263126667	53.37737061	70
9.207065	52.9958326	70
9.888713333	52.71159917	70
11.09465	52.19195999	70
11.93371667	51.81844293	70
13.19173333	51.24114642	70
14.34556667	50.69442094	70
16.02335	49.87182775	70
17.12456667	49.31511186	70
17.91113333	48.90969069	70
18.4352	48.63608054	70
19.01165	48.33197049	70
20.53228333	47.51437745	70
21.47565	46.99632156	70
22.0521	46.67580297	70
22.47151667	46.44074801	70
22.7332	46.29331212	70
0	48.11805556	65
2.656604167	47.61753693	65
3.289563333	47.45026134	65
3.873815833	47.28545291	65
4.3119375	47.15595293	65
5.237689167	46.86726157	65
6.16291	46.56028866	65
6.406454167	46.47666361	65
7.672903333	46.02436548	65
8.5494175	45.69538628	65
9.182376667	45.45030745	65
10.302175	45.00225122	65
11.08130833	44.68018804	65
12.24946667	44.18241707	65
13.32088333	43.71100581	65
14.878825	43.00172903	65
15.90138333	42.52170359	65
16.63176667	42.17213125	65
17.1184	41.93621231	65
17.653675	41.67399497	65
19.06569167	40.96902953	65
19.941675	40.52233849	65
20.47695	40.24597297	65
20.86640833	40.04329802	65
21.1094	39.91617219	65
0	41	60
2.45225	40.57352259	60
3.03652	40.43099191	60
3.57583	40.29056343	60
3.98025	40.18022025	60
4.83479	39.93423471	60
5.68884	39.67267199	60
5.91365	39.60141752	60
7.08268	39.21602739	60
7.89177	38.93571375	60
8.47604	38.72688919	60
9.5097	38.34511346	60
10.2289	38.07069277	60
11.3072	37.64655656	60
12.2962	37.24488069	60
13.7343	36.64052651	60
14.6782	36.23151076	60
15.3524	35.9336503	60
15.8016	35.7326306	60
16.2957	35.50920281	60
17.5991	34.9085222	60
18.4077	34.52790972	60
18.9018	34.29242667	60
19.2613	34.11973323	60
19.4856	34.01141299	60
0	34.45138889	55
2.247895833	34.0930294	55
2.783476667	33.97326404	55
3.277844167	33.8552651	55
3.6485625	33.76254618	55
4.431890833	33.55585	55
5.21477	33.33606466	55
5.420845833	33.27619111	55
6.492456667	32.95235635	55
7.2341225	32.71681503	55
7.769703333	32.54134439	55
8.717225	32.22054673	55
9.376491667	31.98995712	55
10.36493333	31.63356488	55
11.27151667	31.29604558	55
12.589775	30.7882202	55
13.45501667	30.44453334	55
14.07303333	30.19424782	55
14.4848	30.02533544	55
14.937725	29.83759403	55
16.13250833	29.33285546	55
16.873725	29.01303525	55
17.32665	28.81516408	55
17.65619167	28.67005362	55
17.8618	28.57903452	55
0	28.47222222	50
2.043541667	28.17605736	50
2.530433333	28.07707772	50
2.979858333	27.97955794	50
3.316875	27.90293073	50
4.028991667	27.73210744	50
4.7407	27.55046666	50
4.928041667	27.50098439	50
5.902233333	27.23335235	50
6.576475	27.0386901	50
7.063366667	26.89367305	50
7.92475	26.62855102	50
8.524083333	26.43798109	50
9.422666667	26.14344205	50
10.24683333	25.86450048	50
11.44525	25.44481008	50
12.23183333	25.16077136	50
12.79366667	24.95392382	50
13.168	24.81432681	50
13.57975	24.65916862	50
14.66591667	24.24202931	50
15.33975	23.97771508	50
15.7515	23.81418519	50
16.05108333	23.69425919	50
16.238	23.6190368	50
0	23.0625	45
1.8391875	22.82260646	45
2.27739	22.74243295	45
2.6818725	22.66344193	45
2.9851875	22.60137389	45
3.6260925	22.46300702	45
4.26663	22.315878	45
4.4352375	22.27579735	45
5.31201	22.05901541	45
5.9188275	21.90133898	45
6.35703	21.78387517	45
7.132275	21.56912632	45
7.671675	21.41476468	45
8.4804	21.17618806	45
9.22215	20.95024539	45
10.300725	20.61029616	45
11.00865	20.3802248	45
11.5143	20.21267829	45
11.8512	20.09960471	45
12.221775	19.97392658	45
13.199325	19.63604374	45
13.805775	19.42194922	45
14.17635	19.28949	45
14.445975	19.19234994	45
14.6142	19.13141981	45
0	18.22222222	40
1.634833333	18.03267671	40
2.024346667	17.96932974	40
2.383886667	17.90691708	40
2.6535	17.85787566	40
3.223193333	17.74854876	40
3.79256	17.63229866	40
3.942433333	17.60063001	40
4.721786667	17.42934551	40
5.26118	17.30476167	40
5.650693333	17.21195075	40
6.3398	17.04227265	40
6.819266667	16.9203079	40
7.538133333	16.73180291	40
8.197466667	16.55328031	40
9.1562	16.28467845	40
9.785466667	16.10289367	40
10.23493333	15.97051124	40
10.5344	15.88116916	40
10.8638	15.78186792	40
11.73273333	15.51489876	40
12.2718	15.34573765	40
12.6012	15.24107852	40
12.84086667	15.16432588	40
12.9904	15.11618355	40
0	13.95138889	35
1.430479167	13.8062681	35
1.771303333	13.75776808	35
2.085900833	13.70998339	35
2.3218125	13.67243606	35
2.820294167	13.58873264	35
3.31849	13.49972866	35
3.449629167	13.47548235	35
4.131563333	13.34434265	35
4.6035325	13.24895815	35
4.944356667	13.17789979	35
5.547325	13.04799	35
5.966858333	12.95461073	35
6.595866667	12.81028661	35
7.172783333	12.67360524	35
8.011675	12.46795694	35
8.562283333	12.32877797	35
8.955566667	12.22742267	35
9.2176	12.15902014	35
9.505825	12.08299262	35
10.26614167	11.87859436	35
10.737825	11.74908039	35
11.02605	11.66895074	35
11.23575833	11.610187	35
11.3666	11.57332803	35
0	10.25	30
1.226125	10.14338065	30
1.51826	10.10774798	30
1.787915	10.07264086	30
1.990125	10.04505506	30
2.417395	9.983558677	30
2.84442	9.918167998	30
2.956825	9.900354379	30
3.54134	9.804006847	30
3.945885	9.733928438	30
4.23802	9.681722297	30
4.75485	9.586278366	30
5.11445	9.517673192	30
5.6536	9.411639139	30
6.1481	9.311220173	30
6.86715	9.160131628	30
7.3391	9.057877689	30
7.6762	8.983412575	30
7.9008	8.933157651	30
8.14785	8.877300703	30
8.79955	8.727130551	30
9.20385	8.631977429	30
9.4509	8.573106669	30
9.63065	8.529933307	30
9.7428	8.502853247	30